! BASIS="Spackman-DZP+ (Thakkar)"
! plus additional diffuse polarization functions
! These are Spackman's polarisability-specific basis sets

{

   keys= { gamess-us= }

   data= {

      H:Spackman-DZP+ {
     S    3
 1 0.1873584000000E+02  0.3348400000000E-01
 2 0.2825712000000E+01  0.2347190000000E+00
 3 0.6401376000000E+00  0.8137740000000E+00
     S    1
 1 0.1756080000000E+00  0.1000000000000E+01
     P    1
 1 0.1000000000000E+01  0.1000000000000E+01
     P    1
 1 0.10                 1.0
      }

      C:Spackman-DZP+ {
     S    6
 1 0.6779900000000E+04  0.1222000000000E-02
 2 0.1017200000000E+04  0.9430000000000E-02
 3 0.2315700000000E+03  0.4802300000000E-01
 4 0.6554700000000E+02  0.1821970000000E+00
 5 0.2125300000000E+02  0.4960640000000E+00
 6 0.7533900000000E+01  0.3851050000000E+00
     S    2
 1 0.7533900000000E+01  0.4713110000000E+00
 2 0.2803100000000E+01  0.5712960000000E+00
     S    1
 1 0.5215100000000E+00  0.1000000000000E+01
     S    1
 1 0.1595700000000E+00  0.1000000000000E+01
     P    4
 1 0.1873400000000E+02  0.1817000000000E-01
 2 0.4136200000000E+01  0.1126870000000E+00
 3 0.1200400000000E+01  0.3761700000000E+00
 4 0.3834600000000E+00  0.6486670000000E+00
     P    1
 1 0.1212900000000E+00  0.1000000000000E+01
     D    1
 1 0.7500000000000E+00  0.1000000000000E+01
     D    1
 1 0.159                1.0
      }

      N:Spackman-DZP+ {
     S    6
 1 0.9155600000000E+04  0.1327000000000E-02
 2 0.1373600000000E+04  0.1024000000000E-01
 3 0.3127300000000E+03  0.5214600000000E-01
 4 0.8854700000000E+02  0.1979260000000E+00
 5 0.2875600000000E+02  0.5380410000000E+00
 6 0.1024600000000E+02  0.3207890000000E+00
     S    2
 1 0.1024600000000E+02  0.5244980000000E+00
 2 0.3844300000000E+01  0.5178460000000E+00
     S    1
 1 0.7465000000000E+00  0.1000000000000E+01
     S    1
 1 0.2247500000000E+00  0.1000000000000E+01
     P    4
 1 0.2666700000000E+02  0.1879600000000E-01
 2 0.5955700000000E+01  0.1176890000000E+00
 3 0.1744000000000E+01  0.3830340000000E+00
 4 0.5562900000000E+00  0.6389610000000E+00
     P    1
 1 0.1731500000000E+00  0.1000000000000E+01
     D    1
 1 0.8000000000000E+00  0.1000000000000E+01
     D    1
 1 0.134                1.0
      }

      O:Spackman-DZP+ {
     S    6
 1 0.1185200000000E+05  0.1445000000000E-02
 2 0.1778200000000E+04  0.1114700000000E-01
 3 0.4048600000000E+03  0.5676400000000E-01
 4 0.1146600000000E+03  0.2154730000000E+00
 5 0.3727900000000E+02  0.5846550000000E+00
 6 0.1333400000000E+02  0.2468600000000E+00
     S    2
 1 0.1333400000000E+02  0.5695900000000E+00
 2 0.5038500000000E+01  0.4717910000000E+00
     S    1
 1 0.1013600000000E+01  0.1000000000000E+01
     S    1
 1 0.3025000000000E+00  0.1000000000000E+01
     P    4
 1 0.3449300000000E+02  0.2023600000000E-01
 2 0.7756200000000E+01  0.1267990000000E+00
 3 0.2282000000000E+01  0.3946800000000E+00
 4 0.7169100000000E+00  0.6240140000000E+00
     P    1
 1 0.2146100000000E+00  0.1000000000000E+01
     D    1
 1 0.8500000000000E+00  0.1000000000000E+01
     D    1
 1 0.164                1.0
      }
   }
}
